983
0 89
90
0 1 0
0 2 0
0 16 0
0 17 0
0 18 0
0 19 0
0 20 0
0 21 0
0 22 0
0 23 0
0 24 0
0 25 0
0 26 0
0 27 0
0 28 0
0 29 0
0 30 0
0 31 0
0 32 0
0 33 0
0 34 0
0 35 12
0 36 12
0 37 37
0 38 34
0 39 17
0 40 26
0 41 38
0 42 48
0 43 30
0 44 43
0 46 47
0 47 18
0 48 5
0 49 35
0 50 27
0 51 24
0 52 33
0 53 3
0 54 16
0 55 30
0 56 8
0 57 38
0 58 21
0 59 13
0 60 47
0 61 24
0 62 37
0 63 24
0 64 31
0 65 37
0 66 10
0 67 10
0 68 12
0 69 17
0 70 49
0 71 3
0 72 47
0 73 12
0 74 8
1 2 0
1 3 0
1 16 0
1 17 0
1 18 0
1 19 0
1 20 0
1 21 0
1 22 0
1 23 0
1 24 0
1 25 0
1 26 0
1 27 0
1 28 0
1 29 0
1 30 0
1 31 0
1 32 0
1 33 0
1 34 0
1 35 0
1 36 0
1 37 0
1 38 0
1 39 0
1 40 0
1 41 0
1 42 0
1 43 0
1 44 0
1 46 0
1 47 0
1 48 0
1 49 0
1 50 0
1 51 0
1 52 0
1 53 0
1 54 0
1 55 0
1 56 0
1 57 0
1 58 0
1 59 0
1 60 0
1 61 0
1 62 0
1 63 0
1 64 0
1 65 0
1 66 0
1 67 0
1 68 0
1 69 0
1 70 0
1 71 0
1 72 0
1 73 0
1 74 0
2 3 0
2 4 0
2 16 0
2 17 0
2 18 0
2 19 0
2 20 0
2 21 0
2 22 0
2 23 0
2 24 0
2 25 0
2 26 0
2 27 0
2 28 0
2 29 0
2 30 0
2 31 0
2 32 0
2 33 0
2 34 0
2 35 0
2 36 0
2 37 0
2 38 0
2 39 0
2 40 0
2 41 0
2 42 0
2 43 0
2 44 0
2 46 0
2 47 0
2 48 0
2 49 0
2 50 0
2 51 0
2 52 0
2 53 0
2 54 0
2 55 0
2 56 0
2 57 0
2 58 0
2 59 0
2 60 0
2 61 0
2 62 0
2 63 0
2 64 0
2 65 0
2 66 0
2 67 0
2 68 0
2 69 0
2 70 0
2 71 0
2 72 0
2 73 0
2 74 0
3 4 0
3 5 0
3 16 0
3 17 0
3 18 0
3 19 0
3 20 0
3 21 0
3 22 0
3 23 0
3 24 0
3 25 0
3 26 0
3 27 0
3 28 0
3 29 0
3 30 0
3 31 0
3 32 0
3 33 0
3 34 0
3 35 0
3 36 0
3 37 0
3 38 0
3 39 0
3 40 0
3 41 0
3 42 0
3 43 0
3 44 0
3 46 0
3 47 0
3 48 0
3 49 0
3 50 0
3 51 0
3 52 0
3 53 0
3 54 0
3 55 0
3 56 0
3 57 0
3 58 0
3 59 0
3 60 0
3 61 0
3 62 0
3 63 0
3 64 0
3 65 0
3 66 0
3 67 0
3 68 0
3 69 0
3 70 0
3 71 0
3 72 0
3 73 0
3 74 0
4 5 0
4 6 0
4 16 0
4 17 0
4 18 0
4 19 0
4 20 0
4 21 0
4 22 0
4 23 0
4 24 0
4 25 0
4 26 0
4 27 0
4 28 0
4 29 0
4 30 0
4 31 0
4 32 0
4 33 0
4 34 0
4 35 0
4 36 0
4 37 0
4 38 0
4 39 0
4 40 0
4 41 0
4 42 0
4 43 0
4 44 0
4 46 0
4 47 0
4 48 0
4 49 0
4 50 0
4 51 0
4 52 0
4 53 0
4 54 0
4 55 0
4 56 0
4 57 0
4 58 0
4 59 0
4 60 0
4 61 0
4 62 0
4 63 0
4 64 0
4 65 0
4 66 0
4 67 0
4 68 0
4 69 0
4 70 0
4 71 0
4 72 0
4 73 0
4 74 0
5 6 0
5 7 0
5 16 0
5 17 0
5 18 0
5 19 0
5 20 0
5 21 0
5 22 0
5 23 0
5 24 0
5 25 0
5 26 0
5 27 0
5 28 0
5 29 0
5 30 0
5 31 0
5 32 0
5 33 0
5 34 0
5 35 0
5 36 0
5 37 0
5 38 0
5 39 0
5 40 0
5 41 0
5 42 0
5 43 0
5 44 0
5 46 0
5 47 0
5 48 0
5 49 0
5 50 0
5 51 0
5 52 0
5 53 0
5 54 0
5 55 0
5 56 0
5 57 0
5 58 0
5 59 0
5 60 0
5 61 0
5 62 0
5 63 0
5 64 0
5 65 0
5 66 0
5 67 0
5 68 0
5 69 0
5 70 0
5 71 0
5 72 0
5 73 0
5 74 0
6 7 0
6 8 0
6 16 0
6 17 0
6 18 0
6 19 0
6 20 0
6 21 0
6 22 0
6 23 0
6 24 0
6 25 0
6 26 0
6 27 0
6 28 0
6 29 0
6 30 0
6 31 0
6 32 0
6 33 0
6 34 0
6 35 0
6 36 0
6 37 0
6 38 0
6 39 0
6 40 0
6 41 0
6 42 0
6 43 0
6 44 0
6 46 0
6 47 0
6 48 0
6 49 0
6 50 0
6 51 0
6 52 0
6 53 0
6 54 0
6 55 0
6 56 0
6 57 0
6 58 0
6 59 0
6 60 0
6 61 0
6 62 0
6 63 0
6 64 0
6 65 0
6 66 0
6 67 0
6 68 0
6 69 0
6 70 0
6 71 0
6 72 0
6 73 0
6 74 0
7 8 0
7 9 0
7 16 0
7 17 0
7 18 0
7 19 0
7 20 0
7 21 0
7 22 0
7 23 0
7 24 0
7 25 0
7 26 0
7 27 0
7 28 0
7 29 0
7 30 0
7 31 0
7 32 0
7 33 0
7 34 0
7 35 0
7 36 0
7 37 0
7 38 0
7 39 0
7 40 0
7 41 0
7 42 0
7 43 0
7 44 0
7 46 0
7 47 0
7 48 0
7 49 0
7 50 0
7 51 0
7 52 0
7 53 0
7 54 0
7 55 0
7 56 0
7 57 0
7 58 0
7 59 0
7 60 0
7 61 0
7 62 0
7 63 0
7 64 0
7 65 0
7 66 0
7 67 0
7 68 0
7 69 0
7 70 0
7 71 0
7 72 0
7 73 0
7 74 0
8 9 0
8 10 0
8 16 0
8 17 0
8 18 0
8 19 0
8 20 0
8 21 0
8 22 0
8 23 0
8 24 0
8 25 0
8 26 0
8 27 0
8 28 0
8 29 0
8 30 0
8 31 0
8 32 0
8 33 0
8 34 0
8 35 0
8 36 0
8 37 0
8 38 0
8 39 0
8 40 0
8 41 0
8 42 0
8 43 0
8 44 0
8 46 0
8 47 0
8 48 0
8 49 0
8 50 0
8 51 0
8 52 0
8 53 0
8 54 0
8 55 0
8 56 0
8 57 0
8 58 0
8 59 0
8 60 0
8 61 0
8 62 0
8 63 0
8 64 0
8 65 0
8 66 0
8 67 0
8 68 0
8 69 0
8 70 0
8 71 0
8 72 0
8 73 0
8 74 0
9 10 0
9 11 0
9 16 0
9 17 0
9 18 0
9 19 0
9 20 0
9 21 0
9 22 0
9 23 0
9 24 0
9 25 0
9 26 0
9 27 0
9 28 0
9 29 0
9 30 0
9 31 0
9 32 0
9 33 0
9 34 0
9 35 0
9 36 0
9 37 0
9 38 0
9 39 0
9 40 0
9 41 0
9 42 0
9 43 0
9 44 0
9 46 0
9 47 0
9 48 0
9 49 0
9 50 0
9 51 0
9 52 0
9 53 0
9 54 0
9 55 0
9 56 0
9 57 0
9 58 0
9 59 0
9 60 0
9 61 0
9 62 0
9 63 0
9 64 0
9 65 0
9 66 0
9 67 0
9 68 0
9 69 0
9 70 0
9 71 0
9 72 0
9 73 0
9 74 0
10 11 0
10 12 0
10 16 0
10 17 0
10 18 0
10 19 0
10 20 0
10 21 0
10 22 0
10 23 0
10 24 0
10 25 0
10 26 0
10 27 0
10 28 0
10 29 0
10 30 0
10 31 0
10 32 0
10 33 0
10 34 0
10 35 0
10 36 0
10 37 0
10 38 0
10 39 0
10 40 0
10 41 0
10 42 0
10 43 0
10 44 0
10 46 0
10 47 0
10 48 0
10 49 0
10 50 0
10 51 0
10 52 0
10 53 0
10 54 0
10 55 0
10 56 0
10 57 0
10 58 0
10 59 0
10 60 0
10 61 0
10 62 0
10 63 0
10 64 0
10 65 0
10 66 0
10 67 0
10 68 0
10 69 0
10 70 0
10 71 0
10 72 0
10 73 0
10 74 0
11 12 0
11 13 0
11 16 0
11 17 0
11 18 0
11 19 0
11 20 0
11 21 0
11 22 0
11 23 0
11 24 0
11 25 0
11 26 0
11 27 0
11 28 0
11 29 0
11 30 0
11 31 0
11 32 0
11 33 0
11 34 0
11 35 0
11 36 0
11 37 0
11 38 0
11 39 0
11 40 0
11 41 0
11 42 0
11 43 0
11 44 0
11 46 0
11 47 0
11 48 0
11 49 0
11 50 0
11 51 0
11 52 0
11 53 0
11 54 0
11 55 0
11 56 0
11 57 0
11 58 0
11 59 0
11 60 0
11 61 0
11 62 0
11 63 0
11 64 0
11 65 0
11 66 0
11 67 0
11 68 0
11 69 0
11 70 0
11 71 0
11 72 0
11 73 0
11 74 0
12 13 0
12 14 0
12 16 0
12 17 0
12 18 0
12 19 0
12 20 0
12 21 0
12 22 0
12 23 0
12 24 0
12 25 0
12 26 0
12 27 0
12 28 0
12 29 0
12 30 0
12 31 0
12 32 0
12 33 0
12 34 0
12 35 0
12 36 0
12 37 0
12 38 0
12 39 0
12 40 0
12 41 0
12 42 0
12 43 0
12 44 0
12 46 0
12 47 0
12 48 0
12 49 0
12 50 0
12 51 0
12 52 0
12 53 0
12 54 0
12 55 0
12 56 0
12 57 0
12 58 0
12 59 0
12 60 0
12 61 0
12 62 0
12 63 0
12 64 0
12 65 0
12 66 0
12 67 0
12 68 0
12 69 0
12 70 0
12 71 0
12 72 0
12 73 0
12 74 0
13 14 0
13 15 0
13 16 0
13 17 0
13 18 0
13 19 0
13 20 0
13 21 0
13 22 0
13 23 0
13 24 0
13 25 0
13 26 0
13 27 0
13 28 0
13 29 0
13 30 0
13 31 0
13 32 0
13 33 0
13 34 0
13 35 0
13 36 0
13 37 0
13 38 0
13 39 0
13 40 0
13 41 0
13 42 0
13 43 0
13 44 0
13 46 0
13 47 0
13 48 0
13 49 0
13 50 0
13 51 0
13 52 0
13 53 0
13 54 0
13 55 0
13 56 0
13 57 0
13 58 0
13 59 0
13 60 0
13 61 0
13 62 0
13 63 0
13 64 0
13 65 0
13 66 0
13 67 0
13 68 0
13 69 0
13 70 0
13 71 0
13 72 0
13 73 0
13 74 0
14 45 0
14 15 0
14 16 0
14 17 0
14 18 0
14 19 0
14 20 0
14 21 0
14 22 0
14 23 0
14 24 0
14 25 0
14 26 0
14 27 0
14 28 0
14 29 0
14 30 0
14 31 0
14 32 0
14 33 0
14 34 0
14 35 0
14 36 0
14 37 0
14 38 0
14 39 0
14 40 0
14 41 0
14 42 0
14 43 0
14 44 0
14 46 0
14 47 0
14 48 0
14 49 0
14 50 0
14 51 0
14 52 0
14 53 0
14 54 0
14 55 0
14 56 0
14 57 0
14 58 0
14 59 0
14 60 0
14 61 0
14 62 0
14 63 0
14 64 0
14 65 0
14 66 0
14 67 0
14 68 0
14 69 0
14 70 0
14 71 0
14 72 0
14 73 0
14 74 0
15 75 0
15 45 0
15 46 0
15 47 0
15 48 0
15 49 0
15 50 0
15 51 0
15 52 0
15 53 0
15 54 0
15 55 0
15 56 0
15 57 0
15 58 0
15 59 0
15 60 0
15 61 0
15 62 0
15 63 0
15 64 0
15 65 0
15 66 0
15 67 0
15 68 0
15 69 0
15 70 0
15 71 0
15 72 0
15 73 0
15 74 0
16 45 0
16 46 0
16 47 0
16 48 0
16 49 0
16 50 0
16 51 0
16 52 0
16 53 0
16 54 0
16 55 0
16 56 0
16 57 0
16 58 0
16 59 0
16 60 0
16 61 0
16 62 0
16 63 0
16 64 0
16 65 0
16 66 0
16 67 0
16 68 0
16 69 0
16 70 0
16 71 0
16 72 0
16 73 0
16 74 0
17 45 0
17 46 0
17 47 0
17 48 0
17 49 0
17 50 0
17 51 0
17 52 0
17 53 0
17 54 0
17 55 0
17 56 0
17 57 0
17 58 0
17 59 0
17 60 0
17 61 0
17 62 0
17 63 0
17 64 0
17 65 0
17 66 0
17 67 0
17 68 0
17 69 0
17 70 0
17 71 0
17 72 0
17 73 0
17 74 0
18 45 0
18 46 0
18 47 0
18 48 0
18 49 0
18 50 0
18 51 0
18 52 0
18 53 0
18 54 0
18 55 0
18 56 0
18 57 0
18 58 0
18 59 0
18 60 0
18 61 0
18 62 0
18 63 0
18 64 0
18 65 0
18 66 0
18 67 0
18 68 0
18 69 0
18 70 0
18 71 0
18 72 0
18 73 0
18 74 0
19 45 0
19 46 0
19 47 0
19 48 0
19 49 0
19 50 0
19 51 0
19 52 0
19 53 0
19 54 0
19 55 0
19 56 0
19 57 0
19 58 0
19 59 0
19 60 0
19 61 0
19 62 0
19 63 0
19 64 0
19 65 0
19 66 0
19 67 0
19 68 0
19 69 0
19 70 0
19 71 0
19 72 0
19 73 0
19 74 0
20 45 0
20 46 0
20 47 0
20 48 0
20 49 0
20 50 0
20 51 0
20 52 0
20 53 0
20 54 0
20 55 0
20 56 0
20 57 0
20 58 0
20 59 0
20 60 0
20 61 0
20 62 0
20 63 0
20 64 0
20 65 0
20 66 0
20 67 0
20 68 0
20 69 0
20 70 0
20 71 0
20 72 0
20 73 0
20 74 0
21 45 0
21 46 0
21 47 0
21 48 0
21 49 0
21 50 0
21 51 0
21 52 0
21 53 0
21 54 0
21 55 0
21 56 0
21 57 0
21 58 0
21 59 0
21 60 0
21 61 0
21 62 0
21 63 0
21 64 0
21 65 0
21 66 0
21 67 0
21 68 0
21 69 0
21 70 0
21 71 0
21 72 0
21 73 0
21 74 0
22 45 0
22 46 0
22 47 0
22 48 0
22 49 0
22 50 0
22 51 0
22 52 0
22 53 0
22 54 0
22 55 0
22 56 0
22 57 0
22 58 0
22 59 0
22 60 0
22 61 0
22 62 0
22 63 0
22 64 0
22 65 0
22 66 0
22 67 0
22 68 0
22 69 0
22 70 0
22 71 0
22 72 0
22 73 0
22 74 0
23 45 0
23 46 0
23 47 0
23 48 0
23 49 0
23 50 0
23 51 0
23 52 0
23 53 0
23 54 0
23 55 0
23 56 0
23 57 0
23 58 0
23 59 0
23 60 0
23 61 0
23 62 0
23 63 0
23 64 0
23 65 0
23 66 0
23 67 0
23 68 0
23 69 0
23 70 0
23 71 0
23 72 0
23 73 0
23 74 0
24 45 0
24 46 0
24 47 0
24 48 0
24 49 0
24 50 0
24 51 0
24 52 0
24 53 0
24 54 0
24 55 0
24 56 0
24 57 0
24 58 0
24 59 0
24 60 0
24 61 0
24 62 0
24 63 0
24 64 0
24 65 0
24 66 0
24 67 0
24 68 0
24 69 0
24 70 0
24 71 0
24 72 0
24 73 0
24 74 0
25 45 0
25 46 0
25 47 0
25 48 0
25 49 0
25 50 0
25 51 0
25 52 0
25 53 0
25 54 0
25 55 0
25 56 0
25 57 0
25 58 0
25 59 0
25 60 0
25 61 0
25 62 0
25 63 0
25 64 0
25 65 0
25 66 0
25 67 0
25 68 0
25 69 0
25 70 0
25 71 0
25 72 0
25 73 0
25 74 0
26 45 0
26 46 0
26 47 0
26 48 0
26 49 0
26 50 0
26 51 0
26 52 0
26 53 0
26 54 0
26 55 0
26 56 0
26 57 0
26 58 0
26 59 0
26 60 0
26 61 0
26 62 0
26 63 0
26 64 0
26 65 0
26 66 0
26 67 0
26 68 0
26 69 0
26 70 0
26 71 0
26 72 0
26 73 0
26 74 0
27 45 0
27 46 0
27 47 0
27 48 0
27 49 0
27 50 0
27 51 0
27 52 0
27 53 0
27 54 0
27 55 0
27 56 0
27 57 0
27 58 0
27 59 0
27 60 0
27 61 0
27 62 0
27 63 0
27 64 0
27 65 0
27 66 0
27 67 0
27 68 0
27 69 0
27 70 0
27 71 0
27 72 0
27 73 0
27 74 0
28 45 0
28 46 0
28 47 0
28 48 0
28 49 0
28 50 0
28 51 0
28 52 0
28 53 0
28 54 0
28 55 0
28 56 0
28 57 0
28 58 0
28 59 0
28 60 0
28 61 0
28 62 0
28 63 0
28 64 0
28 65 0
28 66 0
28 67 0
28 68 0
28 69 0
28 70 0
28 71 0
28 72 0
28 73 0
28 74 0
29 45 0
29 46 0
29 47 0
29 48 0
29 49 0
29 50 0
29 51 0
29 52 0
29 53 0
29 54 0
29 55 0
29 56 0
29 57 0
29 58 0
29 59 0
29 60 0
29 61 0
29 62 0
29 63 0
29 64 0
29 65 0
29 66 0
29 67 0
29 68 0
29 69 0
29 70 0
29 71 0
29 72 0
29 73 0
29 74 0
30 45 0
30 46 0
30 47 0
30 48 0
30 49 0
30 50 0
30 51 0
30 52 0
30 53 0
30 54 0
30 55 0
30 56 0
30 57 0
30 58 0
30 59 0
30 60 0
30 61 0
30 62 0
30 63 0
30 64 0
30 65 0
30 66 0
30 67 0
30 68 0
30 69 0
30 70 0
30 71 0
30 72 0
30 73 0
30 74 0
31 45 0
31 46 0
31 47 0
31 48 0
31 49 0
31 50 0
31 51 0
31 52 0
31 53 0
31 54 0
31 55 0
31 56 0
31 57 0
31 58 0
31 59 0
31 60 0
31 61 0
31 62 0
31 63 0
31 64 0
31 65 0
31 66 0
31 67 0
31 68 0
31 69 0
31 70 0
31 71 0
31 72 0
31 73 0
31 74 0
32 45 0
32 46 0
32 47 0
32 48 0
32 49 0
32 50 0
32 51 0
32 52 0
32 53 0
32 54 0
32 55 0
32 56 0
32 57 0
32 58 0
32 59 0
32 60 0
32 61 0
32 62 0
32 63 0
32 64 0
32 65 0
32 66 0
32 67 0
32 68 0
32 69 0
32 70 0
32 71 0
32 72 0
32 73 0
32 74 0
33 45 0
33 46 0
33 47 0
33 48 0
33 49 0
33 50 0
33 51 0
33 52 0
33 53 0
33 54 0
33 55 0
33 56 0
33 57 0
33 58 0
33 59 0
33 60 0
33 61 0
33 62 0
33 63 0
33 64 0
33 65 0
33 66 0
33 67 0
33 68 0
33 69 0
33 70 0
33 71 0
33 72 0
33 73 0
33 74 0
34 45 0
34 46 0
34 47 0
34 48 0
34 49 0
34 50 0
34 51 0
34 52 0
34 53 0
34 54 0
34 55 0
34 56 0
34 57 0
34 58 0
34 59 0
34 60 0
34 61 0
34 62 0
34 63 0
34 64 0
34 65 0
34 66 0
34 67 0
34 68 0
34 69 0
34 70 0
34 71 0
34 72 0
34 73 0
34 74 0
35 45 0
35 46 0
35 47 0
35 48 0
35 49 0
35 50 0
35 51 0
35 52 0
35 53 0
35 54 0
35 55 0
35 56 0
35 57 0
35 58 0
35 59 0
35 60 0
35 61 0
35 62 0
35 63 0
35 64 0
35 65 0
35 66 0
35 67 0
35 68 0
35 69 0
35 70 0
35 71 0
35 72 0
35 73 0
35 74 12
36 45 0
36 46 0
36 47 0
36 48 0
36 49 0
36 50 0
36 51 0
36 52 0
36 53 0
36 54 0
36 55 0
36 56 0
36 57 0
36 58 0
36 59 0
36 60 0
36 61 0
36 62 0
36 63 0
36 64 0
36 65 0
36 66 0
36 67 0
36 68 0
36 69 0
36 70 0
36 71 0
36 72 0
36 73 0
36 74 12
37 45 0
37 46 0
37 47 0
37 48 0
37 49 0
37 50 0
37 51 0
37 52 0
37 53 0
37 54 0
37 55 0
37 56 0
37 57 0
37 58 0
37 59 0
37 60 0
37 61 0
37 62 0
37 63 0
37 64 0
37 65 0
37 66 0
37 67 0
37 68 0
37 69 0
37 70 0
37 71 0
37 72 0
37 73 26
37 74 11
38 45 0
38 46 0
38 47 0
38 48 0
38 49 0
38 50 0
38 51 0
38 52 0
38 53 0
38 54 0
38 55 0
38 56 0
38 57 0
38 58 0
38 59 0
38 60 0
38 61 0
38 62 0
38 63 0
38 64 0
38 65 0
38 66 0
38 67 0
38 68 0
38 69 0
38 70 0
38 71 0
38 72 0
38 73 0
38 74 34
39 45 0
39 46 0
39 47 0
39 48 0
39 49 0
39 50 0
39 51 0
39 52 0
39 53 0
39 54 0
39 55 0
39 56 0
39 57 0
39 58 0
39 59 0
39 60 0
39 61 0
39 62 0
39 63 0
39 64 0
39 65 0
39 66 0
39 67 0
39 68 0
39 69 0
39 70 0
39 71 0
39 72 0
39 73 8
39 74 25
40 45 0
40 46 0
40 47 0
40 48 0
40 49 0
40 50 0
40 51 0
40 52 0
40 53 0
40 54 0
40 55 0
40 56 0
40 57 0
40 58 0
40 59 0
40 60 0
40 61 0
40 62 0
40 63 0
40 64 0
40 65 0
40 66 0
40 67 0
40 68 0
40 69 0
40 70 0
40 71 0
40 72 0
40 73 23
40 74 25
41 45 0
41 46 0
41 47 0
41 48 3
41 49 0
41 50 0
41 51 5
41 52 0
41 53 0
41 54 0
41 55 8
41 56 0
41 57 0
41 58 7
41 59 2
41 60 0
41 61 0
41 62 0
41 63 0
41 64 0
41 65 0
41 66 4
41 67 25
41 68 0
41 69 49
41 70 0
41 71 23
41 72 0
41 73 15
41 74 19
42 45 0
42 46 0
42 47 0
42 48 4
42 49 0
42 50 0
42 51 0
42 52 0
42 53 0
42 54 0
42 55 0
42 56 0
42 57 0
42 58 0
42 59 0
42 60 0
42 61 0
42 62 0
42 63 0
42 64 0
42 65 0
42 66 0
42 67 12
42 68 0
42 69 30
42 70 0
42 71 50
42 72 0
42 73 60
42 74 22
43 45 0
43 46 0
43 47 0
43 48 0
43 49 0
43 50 0
43 51 0
43 52 0
43 53 0
43 54 0
43 55 0
43 56 0
43 57 0
43 58 0
43 59 0
43 60 0
43 61 0
43 62 0
43 63 0
43 64 0
43 65 0
43 66 0
43 67 0
43 68 0
43 69 5
43 70 0
43 71 26
43 72 0
43 73 72
43 74 81
44 45 0
44 46 0
44 47 0
44 48 12
44 49 0
44 50 0
44 51 14
44 52 0
44 53 11
44 54 22
44 55 11
44 56 4
44 57 2
44 58 11
44 59 9
44 60 0
44 61 1
44 62 0
44 63 0
44 64 0
44 65 0
44 66 22
44 67 20
44 68 3
44 69 3
44 70 0
44 71 48
44 72 0
44 73 44
44 74 122
45 75 0
45 76 0
46 75 0
46 76 0
46 77 0
46 78 0
46 79 0
46 80 0
46 81 0
46 82 0
46 83 0
46 84 0
46 85 0
46 86 0
46 87 0
46 88 0
46 89 47
47 75 0
47 76 0
47 77 0
47 78 0
47 79 0
47 80 0
47 81 0
47 82 0
47 83 0
47 84 0
47 85 0
47 86 0
47 87 0
47 88 0
47 89 18
48 75 0
48 76 0
48 77 0
48 78 0
48 79 0
48 80 0
48 81 0
48 82 0
48 83 0
48 84 0
48 85 0
48 86 0
48 87 0
48 88 0
48 89 24
49 75 0
49 76 0
49 77 0
49 78 0
49 79 0
49 80 0
49 81 0
49 82 0
49 83 0
49 84 0
49 85 0
49 86 0
49 87 0
49 88 0
49 89 35
50 75 0
50 76 0
50 77 0
50 78 0
50 79 0
50 80 0
50 81 0
50 82 0
50 83 0
50 84 0
50 85 0
50 86 0
50 87 0
50 88 0
50 89 27
51 75 0
51 76 0
51 77 0
51 78 0
51 79 0
51 80 0
51 81 0
51 82 0
51 83 0
51 84 0
51 85 0
51 86 0
51 87 0
51 88 0
51 89 43
52 75 0
52 76 0
52 77 0
52 78 0
52 79 0
52 80 0
52 81 0
52 82 0
52 83 0
52 84 0
52 85 0
52 86 0
52 87 0
52 88 0
52 89 33
53 75 0
53 76 0
53 77 0
53 78 0
53 79 0
53 80 0
53 81 0
53 82 0
53 83 0
53 84 0
53 85 0
53 86 0
53 87 0
53 88 0
53 89 14
54 75 0
54 76 0
54 77 0
54 78 0
54 79 0
54 80 0
54 81 0
54 82 0
54 83 0
54 84 0
54 85 0
54 86 0
54 87 0
54 88 0
54 89 38
55 75 0
55 76 0
55 77 0
55 78 0
55 79 0
55 80 0
55 81 0
55 82 0
55 83 0
55 84 0
55 85 0
55 86 0
55 87 0
55 88 0
55 89 49
56 75 0
56 76 0
56 77 0
56 78 0
56 79 0
56 80 0
56 81 0
56 82 0
56 83 0
56 84 0
56 85 0
56 86 0
56 87 0
56 88 0
56 89 12
57 75 0
57 76 0
57 77 0
57 78 0
57 79 0
57 80 0
57 81 0
57 82 0
57 83 0
57 84 0
57 85 0
57 86 0
57 87 0
57 88 0
57 89 40
58 75 0
58 76 0
58 77 0
58 78 0
58 79 0
58 80 0
58 81 0
58 82 0
58 83 0
58 84 0
58 85 0
58 86 0
58 87 0
58 88 0
58 89 39
59 75 0
59 76 0
59 77 0
59 78 0
59 79 0
59 80 0
59 81 0
59 82 0
59 83 0
59 84 0
59 85 0
59 86 0
59 87 0
59 88 0
59 89 24
60 75 0
60 76 0
60 77 0
60 78 0
60 79 0
60 80 0
60 81 0
60 82 0
60 83 0
60 84 0
60 85 0
60 86 0
60 87 0
60 88 0
60 89 47
61 75 0
61 76 0
61 77 0
61 78 0
61 79 0
61 80 0
61 81 0
61 82 0
61 83 0
61 84 0
61 85 0
61 86 0
61 87 0
61 88 0
61 89 25
62 75 0
62 76 0
62 77 0
62 78 0
62 79 0
62 80 0
62 81 0
62 82 0
62 83 0
62 84 0
62 85 0
62 86 0
62 87 0
62 88 0
62 89 37
63 75 0
63 76 0
63 77 0
63 78 0
63 79 0
63 80 0
63 81 0
63 82 0
63 83 0
63 84 0
63 85 0
63 86 0
63 87 0
63 88 20
63 89 4
64 75 0
64 76 0
64 77 0
64 78 0
64 79 0
64 80 0
64 81 0
64 82 0
64 83 0
64 84 0
64 85 0
64 86 0
64 87 0
64 88 13
64 89 18
65 75 0
65 76 0
65 77 0
65 78 0
65 79 0
65 80 0
65 81 0
65 82 0
65 83 0
65 84 0
65 85 0
65 86 0
65 87 0
65 88 19
65 89 18
66 75 0
66 76 0
66 77 0
66 78 0
66 79 0
66 80 0
66 81 0
66 82 0
66 83 0
66 84 0
66 85 0
66 86 0
66 87 0
66 88 0
66 89 36
67 75 0
67 76 0
67 77 0
67 78 0
67 79 0
67 80 0
67 81 0
67 82 0
67 83 0
67 84 0
67 85 0
67 86 0
67 87 0
67 88 0
67 89 43
68 75 0
68 76 0
68 77 0
68 78 0
68 79 0
68 80 0
68 81 0
68 82 0
68 83 0
68 84 0
68 85 0
68 86 0
68 87 0
68 88 0
68 89 15
69 75 0
69 76 0
69 77 0
69 78 0
69 79 0
69 80 0
69 81 0
69 82 0
69 83 0
69 84 0
69 85 0
69 86 0
69 87 0
69 88 0
69 89 44
70 75 0
70 76 0
70 77 0
70 78 0
70 79 0
70 80 0
70 81 0
70 82 0
70 83 0
70 84 0
70 85 0
70 86 0
70 87 0
70 88 26
70 89 23
71 75 0
71 76 0
71 77 0
71 78 0
71 79 0
71 80 0
71 81 0
71 82 0
71 83 0
71 84 0
71 85 0
71 86 0
71 87 0
71 88 0
71 89 42
72 75 0
72 76 0
72 77 0
72 78 0
72 79 0
72 80 0
72 81 0
72 82 0
72 83 0
72 84 0
72 85 1
72 86 3
72 87 28
72 88 35
72 89 44
73 75 0
73 76 0
73 77 0
73 78 0
73 79 0
73 80 0
73 81 0
73 82 0
73 83 0
73 84 0
73 85 0
73 86 0
73 87 0
73 88 0
73 89 34
74 75 0
74 76 0
74 77 0
74 78 0
74 79 0
74 80 0
74 81 0
74 82 0
74 83 0
74 84 0
74 85 0
74 86 0
74 87 0
74 88 0
74 89 29
75 76 0
75 77 0
76 77 0
76 78 0
77 78 0
77 79 0
78 79 0
78 80 0
79 80 0
79 81 0
80 81 0
80 82 0
81 82 0
81 83 0
82 83 0
82 84 0
83 84 0
83 85 0
84 85 0
84 86 0
85 86 0
85 87 1
86 87 3
86 88 0
87 88 0
87 89 32
88 89 49
